----------------------------------------------------------------------------------------------------
('Sentence 1 : ', 'Facebook announced plans to built a new datacenter in 2018 .')
('Sentence 2 : ', 'Facebook is an American social networking service company in California .')
########################################################################################################################

('Bigrams creation for sentence 1 :', ['announced Facebook', 'plans announced', 'to plans', 'built to', 'a built', 'new a', 'datacenter new', 'in datacenter', '2018 in'])
('Bigrams creation for sentence 2 : ', ['is Facebook', 'an is', 'American an', 'social American', 'networking social', 'service networking', 'company service', 'in company', 'California in'])

########################################################################################################################
		  Count Table without Smoothing Sentence 1
           | Facebook | announced | plans | to | built | a  | new | datacenter | in | 2018
Facebook   |        0 |        27 |     0 |  3 |     0 |  1 |   0 |          0 |  2 |    0
announced  |        1 |         0 |     2 |  2 |     0 |  3 |   0 |          0 |  2 |    0
plans      |        0 |         0 |     0 |  3 |     0 |  0 |   0 |          0 |  0 |    0
to         |        4 |         0 |     0 |  0 |     0 |  6 |   1 |          0 |  0 |    1
built      |        0 |         0 |     0 |  0 |     0 |  0 |   0 |          0 |  1 |    0
a          |        1 |         0 |     0 |  0 |     0 |  0 |   5 |          0 |  0 |    0
new        |        0 |         0 |     0 |  0 |     0 |  0 |   0 |          0 |  0 |    0
datacenter |        0 |         0 |     0 |  0 |     0 |  0 |   0 |          0 |  1 |    0
in         |        5 |         0 |     0 |  0 |     0 | 12 |   0 |          0 |  0 |    2
2018       |        0 |         0 |     0 |  0 |     0 |  0 |   0 |          0 |  0 |    0

########################################################################################################################
 		  Count Table without Smoothing Sentence 2
           | Facebook | is | an | American | social | networking | service | company | in | California
Facebook   |        0 | 13 |  0 |        0 |      0 |          0 |       0 |       0 |  2 |          0
is         |        1 |  0 |  4 |        0 |      0 |          0 |       0 |       0 |  0 |          0
an         |        0 |  0 |  0 |        1 |      0 |          0 |       0 |       0 |  0 |          0
American   |        0 |  0 |  0 |        0 |      0 |          0 |       0 |       0 |  0 |          0
social     |        0 |  0 |  0 |        0 |      0 |          8 |       0 |       0 |  0 |          0
networking |        0 |  0 |  0 |        0 |      0 |          0 |       2 |       0 |  0 |          0
service    |        0 |  0 |  0 |        0 |      0 |          0 |       0 |       1 |  1 |          0
company    |        0 |  0 |  0 |        0 |      0 |          0 |       0 |       0 |  1 |          0
in         |        5 |  0 |  3 |        0 |      0 |          0 |       0 |       0 |  0 |          1
California |        0 |  0 |  0 |        0 |      0 |          0 |       0 |       0 |  0 |          0

########################################################################################################################
		  Probability Table without Smoothing sentence 1
           | Facebook | announced | plans |  to   | built |   a   |  new  | datacenter |  in   | 2018
Facebook   |      0.0 |      0.09 |   0.0 |  0.01 |   0.0 | 0.003 |   0.0 |        0.0 | 0.007 |   0.0
announced  |    0.023 |       0.0 | 0.047 | 0.047 |   0.0 |  0.07 |   0.0 |        0.0 | 0.047 |   0.0
plans      |      0.0 |       0.0 |   0.0 |   1.0 |   0.0 |   0.0 |   0.0 |        0.0 |   0.0 |   0.0
to         |    0.009 |       0.0 |   0.0 |   0.0 |   0.0 | 0.013 | 0.002 |        0.0 |   0.0 | 0.002
built      |      0.0 |       0.0 |   0.0 |   0.0 |   0.0 |   0.0 |   0.0 |        0.0 |   0.2 |   0.0
a          |      0.0 |       0.0 |   0.0 |   0.0 |   0.0 |   0.0 | 0.001 |        0.0 |   0.0 |   0.0
new        |      0.0 |       0.0 |   0.0 |   0.0 |   0.0 |   0.0 |   0.0 |        0.0 |   0.0 |   0.0
datacenter |      0.0 |       0.0 |   0.0 |   0.0 |   0.0 |   0.0 |   0.0 |        0.0 |   1.0 |   0.0
in         |    0.005 |       0.0 |   0.0 |   0.0 |   0.0 | 0.013 |   0.0 |        0.0 |   0.0 | 0.002
2018       |      0.0 |       0.0 |   0.0 |   0.0 |   0.0 |   0.0 |   0.0 |        0.0 |   0.0 |   0.0

########################################################################################################################
		  Probability Table without Smoothing sentence 2
           | Facebook |  is   |  an   | American | social | networking | service | company |  in   | California
Facebook   |      0.0 | 0.043 |   0.0 |      0.0 |    0.0 |        0.0 |     0.0 |     0.0 | 0.007 |        0.0
is         |    0.004 |   0.0 | 0.014 |      0.0 |    0.0 |        0.0 |     0.0 |     0.0 |   0.0 |        0.0
an         |      0.0 |   0.0 |   0.0 |    0.001 |    0.0 |        0.0 |     0.0 |     0.0 |   0.0 |        0.0
American   |      0.0 |   0.0 |   0.0 |      0.0 |    0.0 |        0.0 |     0.0 |     0.0 |   0.0 |        0.0
social     |      0.0 |   0.0 |   0.0 |      0.0 |    0.0 |      0.286 |     0.0 |     0.0 |   0.0 |        0.0
networking |      0.0 |   0.0 |   0.0 |      0.0 |    0.0 |        0.0 |   0.222 |     0.0 |   0.0 |        0.0
service    |      0.0 |   0.0 |   0.0 |      0.0 |    0.0 |        0.0 |     0.0 |   0.063 | 0.063 |        0.0
company    |      0.0 |   0.0 |   0.0 |      0.0 |    0.0 |        0.0 |     0.0 |     0.0 | 0.024 |        0.0
in         |    0.005 |   0.0 | 0.003 |      0.0 |    0.0 |        0.0 |     0.0 |     0.0 |   0.0 |      0.001
California |      0.0 |   0.0 |   0.0 |      0.0 |    0.0 |        0.0 |     0.0 |     0.0 |   0.0 |        0.0

########################################################################################################################
		  Count Table with Smoothing Sentence 1
           | Facebook | announced | plans | to | built | a  | new | datacenter | in | 2018
Facebook   |        1 |        28 |     1 |  4 |     1 |  2 |   1 |          1 |  3 |    1
announced  |        2 |         1 |     3 |  3 |     1 |  4 |   1 |          1 |  3 |    1
plans      |        1 |         1 |     1 |  4 |     1 |  1 |   1 |          1 |  1 |    1
to         |        5 |         1 |     1 |  1 |     1 |  7 |   2 |          1 |  1 |    2
built      |        1 |         1 |     1 |  1 |     1 |  1 |   1 |          1 |  2 |    1
a          |        2 |         1 |     1 |  1 |     1 |  1 |   6 |          1 |  1 |    1
new        |        1 |         1 |     1 |  1 |     1 |  1 |   1 |          1 |  1 |    1
datacenter |        1 |         1 |     1 |  1 |     1 |  1 |   1 |          1 |  2 |    1
in         |        6 |         1 |     1 |  1 |     1 | 13 |   1 |          1 |  1 |    3
2018       |        1 |         1 |     1 |  1 |     1 |  1 |   1 |          1 |  1 |    1

########################################################################################################################
 		  Count Table with Smoothing Sentence 2
           | Facebook | is | an | American | social | networking | service | company | in | California
Facebook   |        1 | 14 |  1 |        1 |      1 |          1 |       1 |       1 |  3 |          1
is         |        2 |  1 |  5 |        1 |      1 |          1 |       1 |       1 |  1 |          1
an         |        1 |  1 |  1 |        2 |      1 |          1 |       1 |       1 |  1 |          1
American   |        1 |  1 |  1 |        1 |      1 |          1 |       1 |       1 |  1 |          1
social     |        1 |  1 |  1 |        1 |      1 |          9 |       1 |       1 |  1 |          1
networking |        1 |  1 |  1 |        1 |      1 |          1 |       3 |       1 |  1 |          1
service    |        1 |  1 |  1 |        1 |      1 |          1 |       1 |       2 |  2 |          1
company    |        1 |  1 |  1 |        1 |      1 |          1 |       1 |       1 |  2 |          1
in         |        6 |  1 |  4 |        1 |      1 |          1 |       1 |       1 |  1 |          2
California |        1 |  1 |  1 |        1 |      1 |          1 |       1 |       1 |  1 |          1

########################################################################################################################
		  Probability Table with Smoothing sentence 1
           | Facebook | announced | plans  |   to   | built  |   a    |  new   | datacenter |   in   |  2018
Facebook   |   0.0033 |    0.0936 | 0.0033 | 0.0134 | 0.0033 | 0.0067 | 0.0033 |     0.0033 |   0.01 | 0.0033
announced  |   0.0465 |    0.0233 | 0.0698 | 0.0698 | 0.0233 |  0.093 | 0.0233 |     0.0233 | 0.0698 | 0.0233
plans      |   0.3333 |    0.3333 | 0.3333 | 1.3333 | 0.3333 | 0.3333 | 0.3333 |     0.3333 | 0.3333 | 0.3333
to         |   0.0108 |    0.0022 | 0.0022 | 0.0022 | 0.0022 | 0.0152 | 0.0043 |     0.0022 | 0.0022 | 0.0043
built      |      0.2 |       0.2 |    0.2 |    0.2 |    0.2 |    0.2 |    0.2 |        0.2 |    0.4 |    0.2
a          |   0.0005 |    0.0002 | 0.0002 | 0.0002 | 0.0002 | 0.0002 | 0.0015 |     0.0002 | 0.0002 | 0.0002
new        |   0.0227 |    0.0227 | 0.0227 | 0.0227 | 0.0227 | 0.0227 | 0.0227 |     0.0227 | 0.0227 | 0.0227
datacenter |      1.0 |       1.0 |    1.0 |    1.0 |    1.0 |    1.0 |    1.0 |        1.0 |    2.0 |    1.0
in         |   0.0066 |    0.0011 | 0.0011 | 0.0011 | 0.0011 | 0.0142 | 0.0011 |     0.0011 | 0.0011 | 0.0033
2018       |   0.0625 |    0.0625 | 0.0625 | 0.0625 | 0.0625 | 0.0625 | 0.0625 |     0.0625 | 0.0625 | 0.0625

########################################################################################################################
		  Probability Table with Smoothing sentence 2
           | Facebook |   is   |   an   | American | social | networking | service | company |   in   | California
Facebook   |   0.0033 | 0.0468 | 0.0033 |   0.0033 | 0.0033 |     0.0033 |  0.0033 |  0.0033 |   0.01 |     0.0033
is         |   0.0072 | 0.0036 | 0.0179 |   0.0036 | 0.0036 |     0.0036 |  0.0036 |  0.0036 | 0.0036 |     0.0036
an         |   0.0014 | 0.0014 | 0.0014 |   0.0029 | 0.0014 |     0.0014 |  0.0014 |  0.0014 | 0.0014 |     0.0014
American   |      0.1 |    0.1 |    0.1 |      0.1 |    0.1 |        0.1 |     0.1 |     0.1 |    0.1 |        0.1
social     |   0.0357 | 0.0357 | 0.0357 |   0.0357 | 0.0357 |     0.3214 |  0.0357 |  0.0357 | 0.0357 |     0.0357
networking |   0.1111 | 0.1111 | 0.1111 |   0.1111 | 0.1111 |     0.1111 |  0.3333 |  0.1111 | 0.1111 |     0.1111
service    |   0.0625 | 0.0625 | 0.0625 |   0.0625 | 0.0625 |     0.0625 |  0.0625 |   0.125 |  0.125 |     0.0625
company    |   0.0244 | 0.0244 | 0.0244 |   0.0244 | 0.0244 |     0.0244 |  0.0244 |  0.0244 | 0.0488 |     0.0244
in         |   0.0066 | 0.0011 | 0.0044 |   0.0011 | 0.0011 |     0.0011 |  0.0011 |  0.0011 | 0.0011 |     0.0022
California |   0.1111 | 0.1111 | 0.1111 |   0.1111 | 0.1111 |     0.1111 |  0.1111 |  0.1111 | 0.1111 |     0.1111

########################################################################################################################

Probability of sentence1 without Smoothing is :
0.0
Probability of sentence2 without Smoothing is :
0.0
Probability of sentence1 with Smoothing is :
2.12847963075e-15
Probability of sentence2 with Smoothing is :
7.45108289319e-16

########################################################################################################################

sentence1 has more Probability than the other
